0010001110011100000100110111010110001100101111010011101111011111 1010100101000010101010000101110100101000110001111100000100101011 1010010000111001100010011000000100100110110100100111111101111101 1011111101110001000000010000001000000110101111011111101011110010
1100011101100000110111111011111100000000001111010001101011010011 0101001010100100010010111011101100111010010101111110001011010110 0010010101000000011011000000011000010011111101011000011111011100 1110001111000000110000011000101100010011101100000111101100111110
0010000110011101101000001101011100101111110001001001011000010011 1101011011000010101001000001010001101110001111110101111010000101 0011101110110110000101110001111101101000011010000000101010110001 1101000110110000100101111110101110011010101001000001111010010000
1000101111001101111100011111111001000010010110010110111011110001 1011110011111101010011011001000110111111000101000111000000100010 1110001111100101100100011000111001101011110101011001100010000100 1111011101111110000011100110110010101001110010011011100010000110
0110011011110010111001110010101110001110001100011111110001010001 0111011110101100111110001110110111000001100001011101001010000010 0011110010010100000000111110001001101110111010111110000100100001 1010011000101100110010111011000101111100011000001001100101000011
0000100111110001000110000100101001001001010100111101001111100001 0101101110111100111010100010011001110000010001110111010101110011 0000111011100110011001010011010000111110000111010111110011011010 0100000111100010010101010011000000101110001000101110101111101101
0110011111010010101010000001100101001001101101111110011111110001 0101110111000101011100001000100111001001011011110111011111110010 1001100001010001100110100100101000110011010000110110011101111110 0000001111101011000110101010101110000100100111001100100001010000
1111000110110111101010010001011101111100101110010000000000011101 1000100010000100111101100111011000011010100111010010101110111000 1010010000111010010100101001011000011011100000011110001010011001 1010110010010110101110000011000010110011111101101110001001110001
1001111010110000100110110010010010110111011101011111010011110010 0110100010001010011011100000110001100110010110010111000101001111 1111101010101111111011110100010100011011111010010110011101011111 0010101010001111100010011111010100000101100101100001101100001101
0100110010000100011110000110000011001101100010111010000110111111 0110101100011111010111001000001111001110110011000111100101011000 0111001110101111001011001100001001101010011010111010011101000111 0011011110101011010011001110001001100000001011111100000011101111
1101111001010011100111100100111011001011101111100001101011000111 1111111011100110001000011001100001000101011001000111100110000010 0100001111011100011101111111100111110111000010000101010100111011 1000011101101110110101010100100110101110010000001001111101001001
1001001100110000000010001100111010010010000101100110000001001100 1110001111111110101101011001000011111000110001001011010001101000 0001010101110110001010000010110110011111100111111011001110001000 0110111000010110110100000000110100001111011101110011001101101000
1001000100010100110111101100111010100100101011001000000000011111 0001110100101111111000100110110010011100010010011111010010011110 1010111001001001110010000010010111100001000100000000010011101110 0001101111110101110001000000110111010001000111000000010000010000
0001010001011001001011010110101101000011110010000011110100110010 0101111011111010100010011101110001110111111110100111101000010010 0111110111010001011010000110101101000001010110001111101110001110 1101010110111011011111010101111101100110101010000000110100010010
0111110001111101000100000100000000111000101111010000110101011111 1011111111010010101100111001100110001000010000000010100000100100 0000001011100001011110000101000110010011100001000100110100101110 1000011001101011101010001001000101010011110001000101010110001010
0011101111011100111000010111110100111000111011111000111111110001 0001001110000011110001100101110111111000011111110010000101110110 1101011101010101101000111010110000010110110000010010100011111010 0011100011101001101010010001010101010110010100101001011100010000
1111001001011011111001010011110001101010010000000111010110111100 1110001111010110100111111111010001001010001001111001010100010011 0110101000110000001111010011100111001110011000010010110101000011 0000000001000010011110000110100101110010001000010100011000110111
1111001100100111000110001110110010010000010000100101111001110100 1000010111110100000110110101100100010001011110001001101110000010 0101000101111101010010010001000100101110010010101000001010111110 1001000010101001110100010001110110111110001110100110110010100110
1010000111100101010010110100010011100100010110100101110100100000 1011111011001100001110111100001100100000000001111010101001001110 0010110100010011011011000011011010110011010100001000010100001000 1010101110001111101101010000001000110011110001100100011111001000
1100100101010010111001100011001000000011100010001010010111011110 0101011001000101101100001111110111111001000110110011001110001111 0011000011000011111011001111101100100111101011100000110101111101 1011011011011101000011000110010100010010000001101110110001111111
0010010001011010010001100000101011111000011010011111100001010110 1111100101101000111010110000100101110000111000011011111011100001 0000101110011101010101000011001100010010100001001101010011011110 0000111100101101100101101000110110010010110011011110010001110100
0000111111111111000000000000000101100101000101011110101000000000 0100011001110011101010110001001000011111110111110011110001011011 0111100011110101000101101000000010011111111110111101000011110101 1001001010000010000101101001001011011010010001101010100011110101
1001111111011011110100111011001101100111010101111110000111000000 0101010110010100001111100101001101010100110010110010101100111000 1011110111010101101111000101000000110111111101111000110110110001 1000100001110001110101100101100100000011111101000101100010110001
0111011100110010110010011011101111001111110101010110100011011111 0010011101101111010101000111100111011101110010001111111100101111 1101010001001000111101011001011110100001111111000000011111001000 1111010111110110111010011111101001010100011001001001111110111001
0000110110110101110001110001001001100111110101111101001000010011 1011100101100101001010101000101111100111110001000011010101001100 1101110101101011100111110000110111000111011011101010011010110101 0100001011010100010001011101001110111000000010100010000001011001
0100000100111011010010011101010001111110010000111000011100100111 0000100111010001011001011011011010111101000101101011101111110001 0101100110111010101000001011010000010000011100101000111010000100 1010001011100101011011010110110000010110001101000010101100111011
0101001110101111011101111110111101000000000000110100100010101100 1011101010001010111001111101101101101011011011000100110100100110 1001011001001000011001100000111111110010011000111011000010100110 1110010010011110110001111000010010110010101001110101100000101110
1111001000100100111000100110001110010111000011101110111100011111 1101111010110110001000111011101001010001011101001001011010111111 1100111110011011111101110101011001001001001000100110000001100010 1010101100110011110111010100010000010000011110100110101010000011
1011001111011011010101111011010100111011101110001010100010000010 0010111011001111000000101000100101101100110000110000011101000010 1000010011101000111000011100100001011000101101010111101100110110 1010111011111101100011111010010100111100110111010001001110111010
1011100000010010010110111111111110001111111001001111001110011010 0110000110011001011011010110001011110110010110001011100011101100 0101011101001001111011101000011111110101111001111001100110001000 0000111100001011101011010010010101011111010001110100000110000000
0100001000000100011000010110001110111111011001010110010110001101 0101101111101010100010000010101000011001101011001000001110001111 1001110110100001011110111000111010101001001111011000000001111110 0001001101001001000000111100110001010000000110010010111101000001
0000110111101000010000010000100000111101000001110000011011111110 0000101011111011000101110011001000110101100101011111111110010110 1011101101110001001001100001110100010001001110010011101111101110 0011110111101001111111011010110110110010010011000011010111000010
1010010111110101101000101010100010101000100010100011001110111000 0100011001000111110101111101010001010100111100101100110011100101 1101000111000001100011100000110100111001011010001101101101001111 1110111110110100100111000010110101011001110111000111111111100111
0011100110010010100110000011100100000100011000100011111110100100 1011000010100001110010001111111010010010101000100011100101101101 0101100000100001010001110100111100001011000111111010100100000010 1000100011110011000001111101110101010011001000111011000011010110
0000101010110010101101110100010010011011100111001001100000000100 0100101110111001011100011101110000011101111100010101001110000100 1011011000011000010000011001001100110100111011011110110100001000 1010010010111010000010000000001111000011110010010011010100011000
0100001111001100111111100011111001001100010010011111111001000111 1000001100010011001000010100101100101011001001001100101101101110 1011110010001110001000000001110011111001110101011101011111101001 0000010110110010110111100100011010111101000110010100000101101011
0010111100101111100001000011011111100110010000011000100100100101 0010111101111001101000111110010111001001010000000110100011110111 0110101011111101010101011000000000011000001010010110110011101000 0000101100110100011000011011001110101110011010010001010010011011
1010100110101000101100000110011100110000100111010110100101110010 0100100100010101101101001001000011111110011011101101110111100011 0011110100011101010010101100001001010111001100111101000110000100 0110111011100101000010101011001011110111101010010111011010011010
1110000011101100101111001000010110101001110101101000110111000011 0111110011001110000000001110010110101001000111001001011000001001 1010000001100000010000100010001110001011111100110110110001111110 0010000001001000010000100001110000011100010110110000101001011001
0110000001110110101111001001100001110100100000111011101001001101 1010111001110110111001001111001010101000100010111100101010100001 1001011011100111111110001101010011000011001111100101001100010001 1101011001001011011010001000010011100011010111110001011101111110
1110100010010100110001010011010111111100101011100110101001111000 1001100000011110001000100010010101111110110110100001111001101110 1010111111010110101010111110110001001110100010001000000111111011 0110111100101110110101011001010101010110101101001110110110001011
1010101110001110011011010000000010001011111011110001100010001110 0011110011111000000000001110111010110001001001101111011100000110 1110011000101011001100100000100010001101011011111000000011001111 1111101010111011001100100000100010101000111010011010100000100011
0100101000100110010010110100111101111010011101010011110011100101 0010010000011001010110101111010100100111101011010101011100111111 1110111101000011101000010101111101101101100110011110101011111111 0101011111111001111111111111101000000011101010100100111001011010
0110010011110110000100111001110001100001100101110011110000010001 0111101000001011011011001110010001010011001000000100011000011110 1101101100110011110111010100111010110100101111101001011011111001 1000001111000101111000010011111000100111100111101111111011110111
1111101001010111011111010011010001110101000100110001111110100100 1111110110100000011100000111110111011011010010111100101110000100 0011001001101101011110111010111001011110000100100100001110101100 0100010011001101001010110001001001110101101000111101100000111100
1000001110110101011011111101010011001000011010110010111010111110 1110011000100101100010101000000101010111010111100100011111010000 0011001100010010101110000110110100101001001000000011100100000110 1110010100111011100011100100000100100001011010101111101101100110
1101010011000010011010111100011001011011100010100001000101110110 0111010111011101101011110110011001001111001001110010101001010111 0001101001000101101000010101010111100001100111000100011110000111 1111111010111111110001100011100111110110101000100001000110100001
1111010001000111000100010110011010011001110110001000001010110011 0011010110111010001111111001010111110011010100000010101001110001 1111100001101110101010111011100000001111000101110001101111110110 0111110000000100110110100001011001001010100101110110111111111001
0111110011110110111011001001101011110011011100101111101111001100 0110001001001110101011011011110110100010000001100101111100100110 0110110000010001101110100100110011110111000010101110100001110110 1110010000000101001101101111111010111101101101100000110110111110
0000000001001010001011011100110101101111010001110011100010111111 1110100100100000001000011010000001111000011101010010011101100001 1001101111100101000000001000110000010111000000110001110001111000 1001101100100101110011011010110000011111011101101010010011010111
0101111110010111011100100001010000010110101101111110011101010001 0101000010110100001001111011000101010110100011010100000100011100 0001010110001110101100100010110010000001100000000101001000001111 1100010110111010000100000000000011100101010010111111100111101011
0010000010110100001010001110000011101110000101001000010000101111 1001010011100010001111110101111000000101100010110110101010111010 1000100100011101100001000110011101000100100111110001111111010000 0000100100000101010111001010011111101010011110111100011111110110
1010100010010100110001001110010000110010000011001001011001000011 1110111100111000000101001001001100100100000011100100010001101101 0001000000011001001110110000101000001101011110111110110111111011 1110100001111001100010111111011000010101001000111100010110000010
0010010100001100110101100100000011110111100100110110101010110010 1000010110101111100111111001110010101101011101100100100011100000 0111101011010100101001001100011010111110101110100100011011000111 1011001100001000100011101100011010101001011111000001011010000111
1001000000100100000010101000110100010110000010101111101100110011 0100101000100110101011100111101011011100010001001101111101000100 0011111010101101101101101010111111011000110100011111011001111010 1101111000000101100000101110000111000000011110011001101100000110
0011010000111111000011100110011010001111001011101011111101111111 0010111101011011001010110110000011010100110001001111110001111100 0101101111110101101100101011111100100001001100101000011110000011 1110011101011010000011001111111110001101011010101000101100000111
0011110111110101111111001111101101001000010111100111100100110100 0110011010100111011010010000110001110101110011101110110100100100 1101111010010101100100100111101111110101001100110101100110101110 0010110001101000111011100011111111011101110101110101111011111110
1101101100000010110010111111101000111000001101010010101101010010 1100000101111111001000110011100000111000111010111011011101110010 1010101011101010111011001101011010010110111000101000101110000000 1100010111101000101011011000011011010110100010010100100000000100
0100011001110111000100001011011101000101110110111011101101111110 1011111001111100010011110010110001010101101000111001001101011110 1010110010110011001001001100110110010001001010011010110010011111 1010000001010111000101000100000101111010100110100000110111100011
0001100000101010110001001010001001100011001100101000011101100110 0010111100111010100110001110011011011010111001101100000100000101 0011110101101001111101001011110001110011100010101100101110011000 1010010111101101010101000100100011000001011101101001001010010110
0110110010000000010000011101001111101001111101100001110000001010 1101000010101101000011000100000010001011010100110100011100010000 1100100101001000110101010100000011010010000110110010110111100010 1000100111001000111000010000000001010101110111011111000110000010
0111101110100101001111101100110010001000000101100110000000100101 1001111101111000001100011100010010100111000101101110110010101011 0111111001101100000001101011000110001001111110000100110000001001 1110001111000100111001001110000101000001110111001100110011000000
1001001100101010111100011001110010111100010111111000111100110010 1111011011101110101101000101001100011111001001010101110111101010 1010011001110100111011011011110100001111101010010001100100110001 1110100010000000011000010101000111010011011001000000110011100101
1111001101001100000001100000111001101001010111011110101101010001 0111010110100011000000111010011011001111110011011010001011111100 0101111101001001011101001110000001011011110001111110101110001001 0110111010101101100001101111010001000010010000001010000101000101
